
Gráfico 1:
0	3.53
0	3.57
2	3.56
3	3.53
4	3.53
5	3.52
6	3.52
7	3.54
8	3.56
9	3.47
10	3.5
11	3.49
12	3.58
13	3.53
14	3.55
15	3.54
16	3.53
17	3.53
18	3.46
19	3.49
20	3.48
21	3.52
22	3.5
23	3.54
24	3.54
25	3.49
26	3.53
27	3.53
28	3.54
29	3.51
30	3.5
31	3.53
32	3.48
33	3.52
34	3.47
35	3.52
36	3.47
37	3.55
38	3.51
39	3.51
40	3.49
41	3.52
42	3.52
43	3.52
44	3.5
45	3.57
46	3.52
47	3.51
48	3.55
49	3.52
50	3.48
51	3.5
52	3.52
53	3.52
54	3.48
55	3.51
56	3.52
57	3.52
58	3.52
59	3.52
60	3.55
61	3.53
62	3.5
63	3.53
64	3.51
65	3.54
66	3.51
67	3.56
68	3.58
69	3.6
70	3.43
71	3.55
72	3.47
73	3.56
74	3.48
75	3.57
76	3.54
77	3.49
78	3.51
79	3.53
80	3.54
81	3.49
82	3.52
83	3.53
84	3.47
85	3.5
86	3.54
87	3.48
88	3.56
89	3.53
90	3.52
91	3.5
92	3.48
93	3.52
94	3.5
95	3.51
96	3.52
97	3.52
98	3.53
99	3.56
100	3.53
101	3.52
102	3.52
103	3.54
104	3.51
105	3.51
106	3.57
107	3.52
108	3.5
109	3.49
110	3.53
111	3.54
112	3.5
113	3.47
114	3.51
115	3.51
116	3.52
117	3.51
118	3.53
119	3.51
124	3.48
125	3.51
126	3.53
127	3.54
128	3.51
129	3.53
130	3.59
131	3.51
132	3.52
133	3.54
134	3.5
135	3.51
136	3.53
137	3.51
138	3.54
139	3.54
140	3.52
141	3.53
142	3.49
143	3.47
144	3.54
145	3.54
150	3.51
151	3.49
152	3.52
153	3.5
154	3.5
155	3.51
156	3.56
157	3.51
158	3.53
159	3.5
160	3.53
161	3.54
162	3.53
163	3.54
164	3.52
165	3.49
166	3.54
167	3.52
168	3.53
169	3.54
170	3.52
171	3.52
172	3.46
173	3.49
174	3.51
175	3.52
176	3.55
177	3.51
178	3.52
179	3.52
180	3.54
181	3.5
182	3.49
183	3.53
184	3.53
185	3.54
186	3.5
191	3.49
192	3.51
193	3.5
194	3.54
195	3.51
196	3.54
197	3.53
198	3.53
199	3.54
200	3.52
201	3.51
202	3.54
203	3.49
204	3.53
205	3.53
206	3.52
207	3.53
208	3.52
209	3.54
210	3.55
211	3.53
212	3.53
213	3.52
214	3.49
215	3.48
216	3.53
217	3.5
218	3.55
219	3.52
220	3.52
221	3.5
222	3.51
223	3.53
224	3.53
225	3.49
226	3.53
227	3.55
228	3.52
229	3.57
230	3.49
231	3.56
232	3.47
233	3.54
234	3.52
235	3.54
236	3.51
237	3.51
238	3.53
239	3.51
240	3.53
241	3.49
242	3.5
243	3.52
244	3.54
245	3.52
246	3.53
247	3.52
248	3.53
249	3.5
250	3.5
251	3.51
252	3.53
253	3.51
254	3.5
255	3.52
256	3.53
257	3.53
258	3.5
259	3.5
260	3.51
261	3.51
262	3.52
263	3.52
264	3.52
265	3.5
266	3.51
267	3.5
268	3.51
269	3.52
270	3.53
271	3.52
272	3.5
273	3.54
274	3.54
276	3.52
277	3.5
278	3.53
279	3.53
280	3.5
281	3.55
282	3.49
283	3.53
284	3.55
285	3.55
286	3.53
287	3.5
288	3.52
289	3.53
290	3.54
291	3.54
292	3.55
293	3.52
294	3.52
295	3.52
296	3.52
297	3.54

Gráfico 2:
0	0.52
0	0.54
2	0.51
3	0.5
4	0.54
5	0.54
6	0.51
7	0.52
8	0.51
9	0.55
10	0.53
11	0.54
12	0.51
13	0.54
14	0.52
15	0.52
16	0.52
17	0.57
18	0.52
19	0.54
20	0.52
21	0.5
22	0.56
23	0.56
24	0.52
25	0.57
26	0.51
27	0.58
28	0.5
29	0.51
30	0.54
31	0.5
32	0.52
33	0.51
34	0.51
35	0.52
36	0.52
37	0.52
38	0.51
39	0.5
40	0.54
41	0.53
42	0.52
43	0.54
44	0.58
45	0.55
46	0.5
47	0.56
48	0.51
49	0.51
50	0.51
51	0.53
52	0.51
53	0.55
54	0.52
55	0.54
56	0.51
57	0.56
58	0.55
59	0.54
60	0.53
61	0.53
62	0.5
63	0.55
64	0.51
65	0.5
66	0.53
67	0.52
68	0.5
69	0.49
70	0.55
71	0.52
72	0.55
73	0.5
74	0.53
75	0.48
76	0.58
77	0.51
78	0.55
79	0.55
80	0.52
81	0.54
82	0.52
83	0.51
84	0.51
85	0.5
86	0.52
87	0.53
88	0.52
89	0.52
90	0.53
91	0.53
92	0.53
93	0.53
94	0.54
95	0.51
96	0.54
97	0.51
98	0.52
99	0.5
100	0.54
101	0.5
102	0.56
103	0.55
104	0.52
105	0.5
106	0.52
107	0.52
108	0.49
109	0.5
110	0.52
111	0.51
112	0.52
113	0.51
114	0.48
115	0.54
116	0.53
117	0.53
118	0.49
119	0.53
124	0.53
125	0.52
126	0.49
127	0.5
128	0.54
129	0.52
130	0.56
131	0.5
132	0.52
133	0.5
134	0.54
135	0.53
136	0.5
137	0.53
138	0.53
139	0.52
140	0.52
141	0.52
142	0.52
143	0.5
144	0.52
145	0.54
150	0.54
151	0.5
152	0.53
153	0.5
154	0.51
155	0.51
156	0.48
157	0.52
158	0.55
159	0.51
160	0.51
161	0.56
162	0.53
163	0.51
164	0.55
165	0.54
166	0.54
167	0.48
168	0.54
169	0.53
170	0.54
171	0.54
172	0.52
173	0.52
174	0.52
175	0.54
176	0.52
177	0.52
178	0.52
179	0.54
180	0.53
181	0.56
182	0.53
183	0.52
184	0.55
185	0.55
186	0.51
191	0.5
192	0.53
193	0.53
194	0.52
195	0.55
196	0.52
197	0.52
198	0.52
199	0.54
200	0.51
201	0.52
202	0.52
203	0.5
204	0.5
205	0.52
206	0.51
207	0.52
208	0.51
209	0.5
210	0.52
211	0.54
212	0.52
213	0.55
214	0.51
215	0.54
216	0.53
217	0.5
218	0.53
219	0.52
220	0.53
221	0.53
222	0.51
223	0.55
224	0.52
225	0.51
226	0.53
227	0.5
228	0.5
229	0.53
230	0.53
231	0.55
232	0.54
233	0.54
234	0.49
235	0.54
236	0.52
237	0.52
238	0.51
239	0.54
240	0.49
241	0.52
242	0.54
243	0.52
244	0.55
245	0.51
246	0.5
247	0.54
248	0.54
249	0.52
250	0.51
251	0.54
252	0.54
253	0.53
254	0.52
255	0.56
256	0.58
257	0.51
258	0.52
259	0.53
260	0.51
261	0.53
262	0.54
263	0.51
264	0.51
265	0.52
266	0.56
267	0.52
268	0.55
269	0.51
270	0.52
271	0.49
272	0.56
273	0.52
274	0.5
276	0.54
277	0.52
278	0.52
279	0.55
280	0.53
281	0.55
282	0.54
283	0.51
284	0.52
285	0.6
286	0.55
287	0.54
288	0.52
289	0.53
290	0.51
291	0.55
292	0.52
293	0.53
294	0.56
295	0.55
296	0.53
297	0.53

Gráfico 3:
0	-48.47
0	-48.73
2	-48.99
3	-49.25
4	-49.39
5	-49.66
6	-49.79
7	-50.05
8	-50.19
9	-50.31
10	-50.58
11	-50.71
12	-50.84
13	-50.98
14	-51.24
15	-51.37
16	-51.5
17	-51.77
18	-51.9
19	-52.03
20	-52.29
21	-52.43
22	-52.69
23	-52.82
24	-52.96
25	-53.08
26	-53.35
27	-53.48
28	-53.61
29	-53.74
30	-54.01
31	-54.14
32	-54.27
33	-54.54
34	-54.67
35	-54.81
36	-54.94
37	-55.21
38	-55.34
39	-55.61
40	-55.74
41	-55.87
42	-56.14
43	-56.27
44	-56.4
45	-56.67
46	-56.8
47	-56.93
48	-57.07
49	-57.2
50	-57.47
51	-57.6
52	-57.73
53	-58.0
54	-58.26
55	-58.39
56	-58.65
57	-58.78
58	-58.92
59	-59.05
60	-59.32
61	-59.45
62	-59.58
63	-59.84
64	-59.98
65	-60.1
66	-60.37
67	-60.51
68	-60.77
69	-60.9
70	-61.03
71	-61.3
72	-61.43
73	-61.57
74	-61.83
75	-61.96
76	-62.23
77	-62.49
78	-62.62
79	-62.89
80	-63.16
81	-63.29
82	-63.56
83	-63.69
84	-63.82
85	-64.09
86	-64.22
87	-64.48
88	-64.62
89	-64.75
90	-65.02
91	-65.15
92	-65.28
93	-65.55
94	-65.68
95	-65.81
96	-66.08
97	-66.21
98	-66.48
99	-66.61
100	-66.74
101	-67.01
102	-67.14
103	-67.27
104	-67.54
105	-67.67
106	-67.8
107	-68.07
108	-68.2
109	-68.47
110	-68.61
111	-68.74
112	-69.01
113	-69.14
114	-69.28
115	-69.54
116	-69.67
117	-69.81
118	-70.07
119	-70.2
124	-70.34
125	-70.48
126	-70.61
127	-70.74
128	-71.01
129	-71.14
130	-71.28
131	-71.54
132	-71.68
133	-71.94
134	-72.08
135	-72.21
136	-72.47
137	-72.61
138	-72.88
139	-73.01
140	-73.14
141	-73.41
142	-73.54
143	-73.68
144	-73.94
145	-74.08
150	-74.22
151	-74.35
152	-74.48
153	-74.75
154	-74.88
155	-75.15
156	-75.29
157	-75.55
158	-75.68
159	-75.95
160	-76.08
161	-76.35
162	-76.48
163	-76.61
164	-76.88
165	-77.01
166	-77.14
167	-77.41
168	-77.54
169	-77.67
170	-77.94
171	-78.07
172	-78.34
173	-78.47
174	-78.6
175	-78.87
176	-79.01
177	-79.27
178	-79.4
179	-79.54
180	-79.8
181	-79.93
182	-80.2
183	-80.33
184	-80.46
185	-80.72
186	-80.85
191	-80.99
192	-81.25
193	-81.39
194	-81.65
195	-81.78
196	-81.92
197	-82.18
198	-82.31
199	-82.58
200	-82.71
201	-82.97
202	-83.11
203	-83.37
204	-83.51
205	-83.77
206	-83.9
207	-84.17
208	-84.3
209	-84.57
210	-84.7
211	-84.97
212	-85.1
213	-85.36
214	-85.5
215	-85.76
216	-85.89
217	-86.03
218	-86.16
219	-86.42
220	-86.55
221	-86.69
222	-86.95
223	-87.08
224	-87.21
225	-87.48
226	-87.61
227	-87.74
228	-88.01
229	-88.15
230	-88.41
231	-88.55
232	-88.68
233	-88.95
234	-89.08
235	-89.21
236	-89.47
237	-89.61
238	-89.74
239	-89.87
240	-90.14
241	-90.27
242	-90.54
243	-90.67
244	-90.8
245	-90.93
246	-91.19
247	-91.33
248	-91.46
249	-91.72
250	-91.85
251	-92.12
252	-92.38
253	-92.52
254	-92.78
255	-92.91
256	-93.05
257	-93.32
258	-93.45
259	-93.58
260	-93.71
261	-93.98
262	-94.11
263	-94.25
264	-94.51
265	-94.64
266	-94.9
267	-95.04
268	-95.17
269	-95.44
270	-95.57
271	-95.7
272	-95.97
273	-96.1
274	-96.23
276	-96.5
277	-96.63
278	-96.9
279	-97.03
280	-97.16
281	-97.43
282	-97.57
283	-97.7
284	-97.97
285	-98.1
286	-98.24
287	-98.5
288	-98.63
289	-98.9
290	-99.03
291	-99.3
292	-99.43
293	-99.69
294	-99.82
295	-100.09
296	-100.22
297	-100.48
